"Genotype"	"Species"	"HS"	"HSLSD"	"HSUSD"	"AF"	"AFLSD"	"AFUSD"	"GRM"	"GRMLSD"	"GRMUSD"	"HSSpecies"	"HSSpeciesL"	"HSSpeciesU"	"AFSpeciesL"	"AFSpecies"	"AFSpeciesU"	"GRMSpeciesL"	"GRMSpecies"	"GRMSpeciesU"
"CN1"	"Chlamydomonas noctigama"	0.0169	0	0.4145	7.7396	5.4497	10.8225	0.1308	0.0921	0.1829	0.0412	0	0.0862	0.7992	13.5618	26.3245	0.1637	0.2656	0.3675
"CN2"	"Chlamydomonas noctigama"	0.0255	0	0.1266	12.5412	10.6706	14.4118	0.3198	0.2721	0.3675	0.0412	0	0.0862	0.7992	13.5618	26.3245	0.1637	0.2656	0.3675
"CN3"	"Chlamydomonas noctigama"	0.0216	0	0.2987	14.2222	10.1389	18.3056	0.3072	0.219	0.3954	0.0412	0	0.0862	0.7992	13.5618	26.3245	0.1637	0.2656	0.3675
"CN4"	"Chlamydomonas noctigama"	0.0572	0	0.2643	1.778	1.1923	2.3636	0.1017	0.0682	0.1352	0.0412	0	0.0862	0.7992	13.5618	26.3245	0.1637	0.2656	0.3675
"CN5"	"Chlamydomonas noctigama"	0.0062	0	0.0329	47.7581	39.6935	55.8226	0.2961	0.2461	0.3461	0.0412	0	0.0862	0.7992	13.5618	26.3245	0.1637	0.2656	0.3675
"CN6"	"Chlamydomonas noctigama"	0.0141	0	0.2741	16.8369	13.6809	19.9929	0.2374	0.1929	0.2819	0.0412	0	0.0862	0.7992	13.5618	26.3245	0.1637	0.2656	0.3675
"CN7"	"Chlamydomonas noctigama"	0.0157	0	0.2866	15.4459	14.2038	16.6879	0.2425	0.223	0.262	0.0412	0	0.0862	0.7992	13.5618	26.3245	0.1637	0.2656	0.3675
"CN8"	"Chlamydomonas noctigama"	0.028	0	0.2457	12.6857	11.3321	14.0393	0.3552	0.3173	0.3931	0.0412	0	0.0862	0.7992	13.5618	26.3245	0.1637	0.2656	0.3675
"CN9"	"Chlamydomonas noctigama"	0.011	0	0.1204	24.0727	21.2818	28.0636	0.2648	0.2341	0.3087	0.0412	0	0.0862	0.7992	13.5618	26.3245	0.1637	0.2656	0.3675
"CN10"	"Chlamydomonas noctigama"	0.0936	0	0.4002	0.9861	0.4904	1.4818	0.0923	0.0459	0.1387	0.0412	0	0.0862	0.7992	13.5618	26.3245	0.1637	0.2656	0.3675
"CN11"	"Chlamydomonas noctigama"	0.0278	0	0.0855	17.5647	16.5036	18.6259	0.4883	0.4588	0.5178	0.0412	0	0.0862	0.7992	13.5618	26.3245	0.1637	0.2656	0.3675
"CN12"	"Chlamydomonas noctigama"	0.0152	0	0.0628	12.3026	10.7763	13.8289	0.187	0.1638	0.2102	0.0412	0	0.0862	0.7992	13.5618	26.3245	0.1637	0.2656	0.3675
"CN13"	"Chlamydomonas noctigama"	0.018	0	0.0479	14.65	11.2833	18.0167	0.2637	0.2031	0.3243	0.0412	0	0.0862	0.7992	13.5618	26.3245	0.1637	0.2656	0.3675
"CN14"	"Chlamydomonas noctigama"	0.032	0	0.4442	2.45	1.7031	3.1969	0.0784	0.0545	0.1023	0.0412	0	0.0862	0.7992	13.5618	26.3245	0.1637	0.2656	0.3675
"CN15"	"Chlamydomonas noctigama"	0.0086	0	0.0305	49.3721	44.1047	56.3372	0.4246	0.3793	0.4845	0.0412	0	0.0862	0.7992	13.5618	26.3245	0.1637	0.2656	0.3675
"CN16"	"Chlamydomonas noctigama"	0.0156	0	0.2543	25.8526	23.4359	32.4038	0.4033	0.3656	0.5055	0.0412	0	0.0862	0.7992	13.5618	26.3245	0.1637	0.2656	0.3675
"CN17"	"Chlamydomonas noctigama"	0.0482	0	0.2665	6.0726	5.1162	7.029	0.2927	0.2466	0.3388	0.0412	0	0.0862	0.7992	13.5618	26.3245	0.1637	0.2656	0.3675
"CN18"	"Chlamydomonas noctigama"	0.0308	0	0.1738	9.6039	8.3604	10.8474	0.2958	0.2575	0.3341	0.0412	0	0.0862	0.7992	13.5618	26.3245	0.1637	0.2656	0.3675
"CN19"	"Chlamydomonas noctigama"	0.02	0	0.2006	12.36	10.515	14.205	0.2472	0.2103	0.2841	0.0412	0	0.0862	0.7992	13.5618	26.3245	0.1637	0.2656	0.3675
"CN20"	"Chlamydomonas noctigama"	0.0409	0	0.1881	7.511	6.6748	8.3472	0.3072	0.273	0.3414	0.0412	0	0.0862	0.7992	13.5618	26.3245	0.1637	0.2656	0.3675
"CN21"	"Chlamydomonas noctigama"	0.0625	0	0.3173	3.1104	2.2336	3.9872	0.1944	0.1396	0.2492	0.0412	0	0.0862	0.7992	13.5618	26.3245	0.1637	0.2656	0.3675
"CN22"	"Chlamydomonas noctigama"	0.2052	0.014	0.3964	1.2159	0.9937	1.4381	0.2495	0.2039	0.2951	0.0412	0	0.0862	0.7992	13.5618	26.3245	0.1637	0.2656	0.3675
"CN23"	"Chlamydomonas noctigama"	0.1282	0	0.3611	2.032	1.6973	2.3666	0.2605	0.2176	0.3034	0.0412	0	0.0862	0.7992	13.5618	26.3245	0.1637	0.2656	0.3675
"CN24"	"Chlamydomonas noctigama"	0.0457	0	0.1137	7.3195	5.9147	8.7243	0.3345	0.2703	0.3987	0.0412	0	0.0862	0.7992	13.5618	26.3245	0.1637	0.2656	0.3675
"CB1"	"Chlamydomonas bilatus"	0.0128	0	0.292	17.8359	14.6094	21.0625	0.2283	0.187	0.2696	0.0503	0	0.1161	0	16.0302	41.4491	0.1488	0.2221	0.2955
"CB2"	"Chlamydomonas bilatus"	0.0155	0	0.1688	16.4516	12.9226	19.9806	0.255	0.2003	0.3097	0.0503	0	0.1161	0	16.0302	41.4491	0.1488	0.2221	0.2955
"CB3"	"Chlamydomonas bilatus"	0.0388	0	0.3212	5.1804	4.0876	6.2732	0.201	0.1586	0.2434	0.0503	0	0.1161	0	16.0302	41.4491	0.1488	0.2221	0.2955
"CB4"	"Chlamydomonas bilatus"	0.0419	0	0.134	6.7184	5.401	8.0358	0.2815	0.2263	0.3367	0.0503	0	0.1161	0	16.0302	41.4491	0.1488	0.2221	0.2955
"CB5"	"Chlamydomonas bilatus"	0.0294	0	0.412	7	5.0544	8.9456	0.2058	0.1486	0.263	0.0503	0	0.1161	0	16.0302	41.4491	0.1488	0.2221	0.2955
"CB6"	"Chlamydomonas bilatus"	0.0161	0	0.3051	11.5031	9.2919	14.4161	0.1852	0.1496	0.2321	0.0503	0	0.1161	0	16.0302	41.4491	0.1488	0.2221	0.2955
"CB7"	"Chlamydomonas bilatus"	0.0437	0	0.1318	7.6178	5.7895	9.4462	0.3329	0.253	0.4128	0.0503	0	0.1161	0	16.0302	41.4491	0.1488	0.2221	0.2955
"CB8"	"Chlamydomonas bilatus"	0.0129	0	0.0651	18.969	16.4496	21.4884	0.2447	0.2122	0.2772	0.0503	0	0.1161	0	16.0302	41.4491	0.1488	0.2221	0.2955
"CB9"	"Chlamydomonas bilatus"	0.0118	0	0.1072	19.6949	16.678	22.7203	0.2324	0.1968	0.2681	0.0503	0	0.1161	0	16.0302	41.4491	0.1488	0.2221	0.2955
"CB10"	"Chlamydomonas bilatus"	0.0103	0	0.4574	16.7184	14.3204	20.1068	0.1722	0.1475	0.2071	0.0503	0	0.1161	0	16.0302	41.4491	0.1488	0.2221	0.2955
"CB11"	"Chlamydomonas bilatus"	0.0297	0	0.1178	10.7407	8.8653	12.6162	0.319	0.2633	0.3747	0.0503	0	0.1161	0	16.0302	41.4491	0.1488	0.2221	0.2955
"CB12"	"Chlamydomonas bilatus"	0.104	0	0.3699	1.701	1.2913	2.1298	0.1769	0.1343	0.2215	0.0503	0	0.1161	0	16.0302	41.4491	0.1488	0.2221	0.2955
"CB13"	"Chlamydomonas bilatus"	0.2734	0.0293	0.5175	0.3819	0.2948	0.4751	0.1044	0.0806	0.1299	0.0503	0	0.1161	0	16.0302	41.4491	0.1488	0.2221	0.2955
"CB14"	"Chlamydomonas bilatus"	0.0672	0.0352	0.0992	1.8765	1.4554	2.2976	0.1261	0.0978	0.1544	0.0503	0	0.1161	0	16.0302	41.4491	0.1488	0.2221	0.2955
"CB15"	"Chlamydomonas bilatus"	0.0162	0	0.2847	15.4012	11.5926	19.2222	0.2495	0.1878	0.3114	0.0503	0	0.1161	0	16.0302	41.4491	0.1488	0.2221	0.2955
"CB16"	"Chlamydomonas bilatus"	0.013	0	0.2558	23.9231	19.4	28.4462	0.311	0.2522	0.3698	0.0503	0	0.1161	0	16.0302	41.4491	0.1488	0.2221	0.2955
"CB17"	"Chlamydomonas bilatus"	0.0021	7e-04	0.0035	123.2381	108.2857	138.1905	0.2588	0.2274	0.2902	0.0503	0	0.1161	0	16.0302	41.4491	0.1488	0.2221	0.2955
"CB18"	"Chlamydomonas bilatus"	0.0198	0	0.3454	10.3434	8.7475	11.9394	0.2048	0.1732	0.2364	0.0503	0	0.1161	0	16.0302	41.4491	0.1488	0.2221	0.2955
"CB19"	"Chlamydomonas bilatus"	0.0708	0	0.2718	1.8983	1.4449	2.3517	0.1344	0.1023	0.1665	0.0503	0	0.1161	0	16.0302	41.4491	0.1488	0.2221	0.2955
"CB20"	"Chlamydomonas bilatus"	0.0116	0	0.0444	32.5431	27.8793	37.2069	0.3775	0.3234	0.4316	0.0503	0	0.1161	0	16.0302	41.4491	0.1488	0.2221	0.2955
"CB21"	"Chlamydomonas bilatus"	0.1927	0.0382	0.3472	0.5957	0.4577	0.7348	0.1148	0.0882	0.1416	0.0503	0	0.1161	0	16.0302	41.4491	0.1488	0.2221	0.2955
"CB22"	"Chlamydomonas bilatus"	0.0731	0	0.3376	2.3324	1.9863	2.6785	0.1705	0.1452	0.1958	0.0503	0	0.1161	0	16.0302	41.4491	0.1488	0.2221	0.2955
